0 31
0 31
0 31
0 31
0 282
0 282
0 282
0 282
0 282
0 90
0 90
0 90
0 90
0 31
0 31
0 31
0 31
0 31
0 31
0 31
0 31
0 31
0 31
0 31
0 31
0 31
0 31
0 31
0 550
0 550
0 614
0 318
0 282
0 31
0 630
0 4
0 4
0 4
0 4
0 31
0 4
0 26
0 26
0 27
0 32
0 32
0 32
0 32
0 32
0 32
0 32
0 32
0 32
0 32
0 32
0 32
0 32
0 32
0 32
0 32
0 32
0 32
0 32
0 32
0 32
0 32
0 32
0 32
0 32
0 32
0 32
0 32
0 32
0 32
0 32
0 32
0 32
0 32
0 32
0 32
0 32
0 32
0 32
0 32
0 32
0 32
0 32
0 32
0 32
0 32
0 32
0 32
0 32
0 32
0 32
0 32
0 32
0 4
0 4
0 4
0 4
0 4
0 4
0 4
0 3
0 4
0 2121255
0 49
0 49
0 30
0 49
0 49
0 49
0 6
0 6
0 10
0 10
0 10
0 49
0 9
0 9
0 9
0 9
0 9
0 9
0 9
0 9
0 90
0 5
0 9
0 9
0 9
0 9
0 54
0 54
0 2
0 14
0 2754187
0 2754187
0 110
0 425
0 425
0 425
0 425
0 425
0 36
0 9
0 9
0 9
0 9
0 60
0 60
0 2
0 2
0 225
0 195
0 275
0 215
0 245
0 225
0 380
0 270
0 270
0 240
0 430
0 290
0 400
0 545
0 245
0 245
0 245
0 245
0 245
0 245
0 245
0 245
0 245
0 245
0 245
0 35
0 35
0 15
0 245
0 245
0 245
0 56
0 56
0 56
0 56
0 90
0 90
0 90
0 90
0 90
0 90
0 90
0 90
0 90
0 90
0 56
0 90
0 90
0 90
0 90
0 90
0 90
0 90
0 90
0 90
0 90
0 90
0 90
0 20
0 121
0 121
0 152
0 20
0 31
0 90
0 20
0 20
0 20
0 20
0 20
0 20
0 20
0 20
0 20
0 20
0 20
0 20
0 20
0 20
0 31
0 31
0 20
0 90
0 90
0 19
0 10
0 10
0 90
0 152
0 200
0 199
0 152
0 152
0 152
0 62
0 62
0 62
0 62
0 143
0 35
0 10
0 10
