ipc_2011_BARMAN_1	0	23085228	57.51	58.03
ipc_2011_BARMAN_2	0	22854564	56.16	56.73
ipc_2011_BARMAN_3	0	22851692	55.78	56.35
ipc_2011_BARMAN_4	0	22438114	55.93	56.65
ipc_2011_WOODWORKING_5	0	591200	2.63	3.49
ipc_2011_WOODWORKING_7	0	680142	2.83	7.13
ipc_2011_TIDYBOT_2	0	136579	5.09	14.74
ipc_2011_TIDYBOT_8	0	2366945	145.7	156.01
ipc_2011_TIDYBOT_5	0	3968104	238.14	248.37
ipc_2011_TIDYBOT_5	0	3968104	239.54	249.72
ipc_2011_TIDYBOT_9	0	506540	59.65	69.53
ipc_2011_TIDYBOT_10	0	1040199	252.88	263.58
ipc_2011_TIDYBOT_11	0	1630998	365.53	375.62
ipc_2011_SOKOBAN_5	0	593216	2.93	6.84
ipc_2011_SOKOBAN_6	0	469801	2.86	3.18
ipc_2011_SOKOBAN_9	0	20566	1.06	2.77
ipc_2011_SOKOBAN_11	0	410690	2.37	7.71
ipc_2011_SOKOBAN_13	0	1572503	6.47	13.31
ipc_2011_SOKOBAN_16	0	7518549	30.28	35.68
ipc_2011_SOKOBAN_17	0	3544413	14.09	19.97
ipc_2011_SOKOBAN_18	0	250539	2.63	31.36
ipc_2011_SOKOBAN_20	0	1737047	7.69	16.7
ipc_2011_SCANALYZER_12	0	47157915	87.09	91.34
ipc_2011_TIDYBOT_14	0	1004984	412.3	422.45
ipc_2011_SCANALYZER_13	0	577650	4.38	19.24
ipc_2011_PEGSOL_9	0	86674	1.59	7.48
ipc_2011_SCANALYZER_14	0	250824	2.29	21.93
ipc_2011_PEGSOL_13	0	351157	3.37	9.5
ipc_2011_PEGSOL_16	0	2055745	15.39	21.25
ipc_2011_TIDYBOT_13	0	3719800	789.24	799.96
ipc_2011_PEGSOL_19	0	11132051	78.73	84.56
ipc_2011_PEGSOL_18	0	20983483	137.75	143.81
ipc_2011_OPENSTACKS_3	0	1328111	4.21	7.57
ipc_2011_OPENSTACKS_6	0	2853994	7.42	9.29
ipc_2011_OPENSTACKS_8	0	12763480	32.3	34.39
ipc_2011_OPENSTACKS_9	0	5925845	16.48	19.47
ipc_2011_OPENSTACKS_10	0	7306086	29.19	32.37
ipc_2011_OPENSTACKS_12	0	24116196	69.06	71.42
ipc_2011_OPENSTACKS_11	0	66472880	171.84	174.58
ipc_2011_OPENSTACKS_13	0	41306168	118.47	120.89
ipc_2011_OPENSTACKS_15	0	79483616	232.81	235.17
ipc_2011_FLOORTILE_4	0	43159903	115.12	118
ipc_2011_OPENSTACKS_16	0	82469708	320.51	323.04
ipc_2011_ELEVATORS_7	0	854520	3.03	6.34
ipc_2011_ELEVATORS_9	0	290162	1.52	4.99
ipc_2011_ELEVATORS_17	0	5252555	11.24	13.39
ipc_2011_ELEVATORS_20	0	2491961	5.67	9.34
ipc_2011_ELEVATORS_15	0	36866337	73.93	76.4
ipc_2011_TRANSPORT_17	0	25873643	49.38	51.4
