ipc_2011_TIDYBOT_2	0	59468	2.56	21.13
ipc_2011_WOODWORKING_5	0	143418	4.87	4.9
ipc_2011_WOODWORKING_7	0	103161	13.81	14
ipc_2011_WOODWORKING_16	0	1719875	118.58	118.61
ipc_2011_TIDYBOT_5	0	65275	137.05	137.96
ipc_2011_TIDYBOT_5	0	65275	148.59	149.49
ipc_2011_TIDYBOT_8	0	40433	95.93	96.88
ipc_2011_TIDYBOT_10	0	3629	25.67	27.24
ipc_2011_TIDYBOT_9	0	125586	20.48	77.38
ipc_2011_TIDYBOT_11	0	364999	63.55	65.58
ipc_2011_TIDYBOT_14	0	6599	48.7	51.24
ipc_2011_TIDYBOT_13	0	58942	240.29	241.83
ipc_2011_SCANALYZER_12	0	36571216	41.88	43.28
ipc_2011_TIDYBOT_12	0	139782	682.1	683.66
ipc_2011_SCANALYZER_13	0	433915	1.87	3.87
ipc_2011_PEGSOL_9	0	100154	1.3	2.88
ipc_2011_SCANALYZER_14	0	101676	1.14	15.99
ipc_2011_PEGSOL_13	0	384601	2.06	2.63
ipc_2011_PEGSOL_16	0	1637003	6.24	7.3
ipc_2011_PEGSOL_18	0	19428666	74.32	75.95
ipc_2011_PEGSOL_19	0	15610106	48.68	49.75
ipc_2011_PARKING_1	0	71412	1.13	1.77
ipc_2011_PARKING_5	0	2748982	7.64	8.8
ipc_2011_PARKING_3	0	1979768	5.75	6.94
ipc_2011_OPENSTACKS_3	0	1328111	2.43	2.62
ipc_2011_OPENSTACKS_9	0	5925845	10.06	10.44
ipc_2011_OPENSTACKS_6	0	2853994	4.88	5.12
ipc_2011_PARKING_7	0	47401336	137.52	139.6
ipc_2011_OPENSTACKS_8	0	12763480	20.39	20.61
ipc_2011_OPENSTACKS_9	0	5925845	10.21	10.72
ipc_2011_PARKING_8	0	7716142	23.18	25.14
ipc_2011_FLOORTILE_3	0	2670400	48.37	48.52
ipc_2011_FLOORTILE_4	0	910127	18.24	18.24
ipc_2011_FLOORTILE_5	0	1565095	40.88	40.88
ipc_2011_PARKING_10	0	42338010	124.92	126.92
ipc_2011_FLOORTILE_6	0	2633660	66.93	66.93
ipc_2011_ELEVATORS_7	0	270690	1.27	1.54
ipc_2011_ELEVATORS_9	0	482205	1.42	1.63
ipc_2011_ELEVATORS_15	0	32785517	45.81	46.4
ipc_2011_ELEVATORS_17	0	7044963	10.47	11.08
ipc_2011_SOKOBAN_5	0	595078	1.75	2.25
ipc_2011_SOKOBAN_11	0	388187	1.39	2.08
ipc_2011_SOKOBAN_16	0	3536057	5.63	7.16
ipc_2011_SOKOBAN_13	0	1071023	2.51	3.41
ipc_2011_FLOORTILE_7	0	27238716	756.85	757.13
ipc_2011_SOKOBAN_17	0	1930322	3.74	4.82
ipc_2011_SOKOBAN_20	0	1161041	2.52	4.4
ipc_2011_SOKOBAN_18	0	970166	2.84	3.15
ipc_2011_BARMAN_2	0	18466588	35	129.22
ipc_2011_TRANSPORT_17	0	31170312	39.87	40.21
ipc_2011_BARMAN_1	0	18677487	32.92	116.43
ipc_2011_SOKOBAN_6	0	393462	1.62	3.08
ipc_2011_SOKOBAN_9	0	9374	1.02	1.4
ipc_2011_ELEVATORS_20	0	1272767	2.31	2.8
ipc_2011_BARMAN_3	0	18457485	33.79	128.16
ipc_2011_BARMAN_4	0	18463044	33.74	125.74
ipc_2011_OPENSTACKS_12	0	24116196	40.15	40.59
ipc_2011_OPENSTACKS_10	0	7306086	16.81	17.22
ipc_2011_OPENSTACKS_13	0	41306168	71.04	71.54
ipc_2011_OPENSTACKS_11	0	66472880	100.25	100.73
ipc_2011_OPENSTACKS_15	0	79483616	148.52	148.77
ipc_2011_OPENSTACKS_16	0	82469708	179.9	180.4
--use_saved_pdbs	0	167519	4.3	4.46
--use_saved_pdbs	0	167519	4.26	4.42
--use_saved_pdbs	0	167519	4.32	4.48
sas_plan	0	1333785	2	2.38
sas_plan	0	1333785	1.98	2.36
sas_plan	0	873328	1.72	2.34
sas_plan	0	22942913	29.94	30.04
sas_plan	0	22942913	30.1	30.2
sas_plan	0	22942913	30.06	30.16
sas_plan	0	22942913	30.04	30.12
sas_plan	0	22942913	30.16	30.26
sas_plan	0	22942913	30.3	30.4
sas_plan	0	22942913	30.02	30.12
sas_plan	0	22942913	30	30.1
sas_plan	0	22942913	30.06	30.14
sas_plan	0	2625429	2.88	3.1
sas_plan	0	18673877	26.18	146.26
--use_saved_pdbs	0	26384211	29.6	29.6
--use_saved_pdbs	0	24611545	30.68	31
sas_plan	0	22936358	32.26	32.36
sas_plan	0	22936358	29.76	29.84
sas_plan	0	26384211	32.8	32.8
sas_plan	0	392452	1.34	1.68
sas_plan	0	11580241	28.52	34.54
sas_plan	0	11697829	27.36	28.3
sas_plan	0	71466586	202.84	205.6
sas_plan	0	376663	1.36	1.98
sas_plan	0	1071023	2.02	2.72
sas_plan	0	26384211	30.26	30.28
sas_plan	0	375378	1.34	1.78
sas_plan	0	375378	1.34	1.8
sas_plan	0	375378	1.36	1.8
sas_plan	0	375378	1.34	1.8
sas_plan	0	375378	1.34	1.78
sas_plan	0	375378	1.34	1.78
sas_plan	0	375378	1.34	1.78
sas_plan	0	376663	1.32	1.94
sas_plan	0	376663	1.32	1.94
sas_plan	0	376663	1.32	1.94
sas_plan	0	376663	1.32	1.92
sas_plan	0	376663	1.32	1.94
sas_plan	0	376663	1.32	1.94
sas_plan	0	376663	1.32	1.94
sas_plan	0	1071023	2	2.7
sas_plan	0	1071023	2	2.7
sas_plan	0	376663	1.32	1.94
sas_plan	0	26384211	30	30
sas_plan	0	26384211	29.98	30
sas_plan	0	31948	1.04	1.2
sas_plan	0	970166	2.34	2.58
sas_plan	0	358064	1.54	4.8
sas_plan	0	22979765	29.84	29.88
sas_plan	0	71468704	207.88	210.74
sas_plan	0	71466586	201.12	203.86
sas_plan	0	71466586	844.88	847.62
sas_plan	0	19947458	68.6	201.56
sas_plan	0	39789571	42.1	176.28
sas_plan	0	39789571	42.36	175.46
sas_plan	0	1832017	18.34	150.46
sas_plan	0	8290633	244.74	518.24
sas_plan	0	5078489	910.38	1007.2
