ipc_2011_WOODWORKING_5	0	333478	1.93	2.81
ipc_2011_WOODWORKING_7	0	1764899	5.85	10.95
ipc_2011_TIDYBOT_2	0	158023	5.74	13.16
ipc_2011_TIDYBOT_9	0	376527	44.25	56.67
ipc_2011_TIDYBOT_8	0	2715049	160.25	172.37
ipc_2011_TIDYBOT_10	0	1052044	146.66	160.35
ipc_2011_TIDYBOT_11	0	1652005	249.57	265.65
ipc_2011_SCANALYZER_12	0	33851505	59.09	61.47
ipc_2011_SCANALYZER_13	0	421345	3.23	16.66
ipc_2011_SCANALYZER_14	0	202734	1.99	19.29
ipc_2011_PEGSOL_9	0	75329	1.54	6.98
ipc_2011_PEGSOL_13	0	145875	2.01	7.36
ipc_2011_PEGSOL_16	0	1720038	13.99	19.3
ipc_2011_TIDYBOT_14	0	1008121	363.9	374.57
ipc_2011_PEGSOL_18	0	21248725	148.51	154.01
ipc_2011_PEGSOL_19	0	10783309	75.01	79.95
ipc_2011_TIDYBOT_13	0	3725811	579.81	593.03
ipc_2011_OPENSTACKS_3	0	1262693	3.3	4.93
ipc_2011_OPENSTACKS_6	0	2853994	7.71	10.07
ipc_2011_OPENSTACKS_8	0	12763480	33.58	35.47
ipc_2011_OPENSTACKS_9	0	5925845	17.31	20.01
ipc_2011_TIDYBOT_12	0	14193327	1863.27	1876.15
ipc_2011_FLOORTILE_4	0	53560466	155.6	157.97
ipc_2011_ELEVATORS_7	0	293717	1.8	5.24
ipc_2011_ELEVATORS_9	0	297953	1.56	4.22
ipc_2011_ELEVATORS_17	0	4888765	11.37	13.82
ipc_2011_ELEVATORS_20	0	829042	2.83	6.17
ipc_2011_ELEVATORS_15	0	25077663	55.34	58.04
ipc_2011_SOKOBAN_5	0	594160	2.67	5.89
ipc_2011_SOKOBAN_6	0	442238	2.52	3.12
ipc_2011_SOKOBAN_11	0	422344	2.11	7.68
ipc_2011_SOKOBAN_13	0	1975519	6.35	11.62
ipc_2011_SOKOBAN_17	0	2844150	9.09	13.62
ipc_2011_SOKOBAN_9	0	28202	1.08	2.33
ipc_2011_SOKOBAN_16	0	7851392	26.76	32.82
ipc_2011_SOKOBAN_18	0	333920	2.87	28.06
ipc_2011_SOKOBAN_20	0	2030194	6.91	16.53
ipc_2011_BARMAN_1	0	22847479	55.88	56.6
ipc_2011_BARMAN_2	0	22893883	55.5	56.28
ipc_2011_SCANALYZER_14	0	101676	1.12	2.32
ipc_2011_BARMAN_3	0	22367705	54.86	55.65
ipc_2011_TRANSPORT_17	0	12406414	26.21	27.81
ipc_2011_BARMAN_4	0	22833714	55.45	56.18
ipc_2011_OPENSTACKS_10	0	7306086	30.25	33.13
ipc_2011_OPENSTACKS_12	0	24116196	73.12	75.95
ipc_2011_OPENSTACKS_13	0	41306168	124.77	127.41
ipc_2011_OPENSTACKS_11	0	66472880	177.45	180.21
ipc_2011_OPENSTACKS_15	0	79483616	241.41	243.98
ipc_2011_OPENSTACKS_16	0	82469708	324.44	327.12
