ipc_2011_WOODWORKING_5	0	143418	4.72	4.76
ipc_2011_WOODWORKING_7	0	103161	12.99	13.18
ipc_2011_WOODWORKING_11	0	56580647	86.88	86.98
ipc_2011_WOODWORKING_16	0	1719875	113.59	113.62
ipc_2011_TIDYBOT_2	0	59189	2.43	20.15
ipc_2011_TIDYBOT_8	0	40433	86.28	87.2
ipc_2011_TIDYBOT_5	0	65275	137.35	138.26
ipc_2011_TIDYBOT_9	0	125586	20.24	67.8
ipc_2011_TIDYBOT_10	0	152743	23.89	25.85
ipc_2011_TIDYBOT_11	0	571525	62.42	108.86
ipc_2011_TIDYBOT_14	0	6599	56.24	58.82
ipc_2011_TIDYBOT_13	0	58942	264.28	265.77
ipc_2011_TIDYBOT_12	0	139782	772.54	774.11
ipc_2011_SOKOBAN_4	0	72244	1.07	1.18
ipc_2011_SOKOBAN_5	0	595078	1.74	2.24
ipc_2011_SOKOBAN_6	0	393462	1.61	2.98
ipc_2011_SOKOBAN_9	0	22278	1.04	1.26
ipc_2011_SOKOBAN_11	0	388187	1.4	2.07
ipc_2011_SOKOBAN_13	0	1071023	2.32	3.16
ipc_2011_SOKOBAN_16	0	3536057	5.79	7.27
ipc_2011_SOKOBAN_17	0	1930322	3.44	4.45
ipc_2011_SOKOBAN_19	0	1391726	2.65	3.89
ipc_2011_SOKOBAN_20	0	1161041	2.28	4.06
ipc_2011_SCANALYZER_12	0	36571216	37.74	39.06
ipc_2011_SCANALYZER_11	0	45728	1.08	40.34
ipc_2011_SCANALYZER_13	0	447435	1.66	3.28
ipc_2011_OPENSTACKS_3	0	1262693	3.16	4.75
ipc_2011_PEGSOL_9	0	97542	1.23	2.15
ipc_2011_PEGSOL_13	0	384601	1.9	2.43
ipc_2011_PEGSOL_16	0	1789674	5.68	6.69
ipc_2011_PEGSOL_18	0	18908680	68.94	70.82
ipc_2011_PEGSOL_19	0	11952007	40.69	41.96
ipc_2011_PARKING_1	0	71412	1.11	1.72
ipc_2011_PARKING_2	0	11332324	22.03	22.69
ipc_2011_PARKING_3	0	1979768	5.51	6.66
ipc_2011_PARKING_5	0	2748982	6.77	7.88
ipc_2011_PARKING_7	0	47401336	127.43	129.29
ipc_2011_PARKING_8	0	7716142	21.99	23.83
ipc_2011_PARKING_10	0	42338010	114.3	116.21
ipc_2011_OPENSTACKS_3	0	1331295	2.35	2.56
ipc_2011_OPENSTACKS_6	0	2853994	4.61	4.92
ipc_2011_OPENSTACKS_8	0	12763480	19.06	19.25
ipc_2011_OPENSTACKS_9	0	5925845	9.75	10.08
ipc_2011_OPENSTACKS_10	0	7306086	16.13	16.55
ipc_2011_OPENSTACKS_11	0	66472880	100.11	100.45
ipc_2011_OPENSTACKS_12	0	24116196	39.24	39.57
ipc_2011_OPENSTACKS_13	0	41306168	66.08	66.32
ipc_2011_OPENSTACKS_15	0	79483616	142.37	142.7
ipc_2011_OPENSTACKS_16	0	82469708	169.28	169.73
ipc_2011_FLOORTILE_3	0	2670400	46.28	46.42
ipc_2011_FLOORTILE_4	0	910127	17.2	17.2
ipc_2011_FLOORTILE_5	0	1565095	39.17	39.17
ipc_2011_FLOORTILE_6	0	2632577	64.79	65.03
ipc_2011_FLOORTILE_7	0	27238716	711.07	711.35
ipc_2011_ELEVATORS_7	0	270690	1.25	1.52
ipc_2011_ELEVATORS_9	0	429583	1.34	1.7
ipc_2011_ELEVATORS_15	0	32785517	41.15	41.73
ipc_2011_ELEVATORS_17	0	7507136	9.16	9.62
ipc_2011_ELEVATORS_20	0	1272767	2.2	2.66
ipc_2011_WOODWORKING_5	0	143418	4.67	4.7
ipc_2011_WOODWORKING_7	0	103161	12.94	13.12
ipc_2011_WOODWORKING_6	0	846583	2.51	2.68
ipc_2011_WOODWORKING_9	0	744121	28.16	28.18
ipc_2011_WOODWORKING_11	0	56580647	87.16	87.25
ipc_2011_WOODWORKING_16	0	1719875	111.16	111.18
ipc_2011_PEGSOL_9	0	75329	1.54	6.98
ipc_2011_VISITALL_17	0	38457715	105.14	106.76
ipc_2011_TIDYBOT_2	0	10306	10.54	11.07
ipc_2011_TIDYBOT_5	0	65275	128.91	129.78
ipc_2011_TIDYBOT_8	0	40433	87.72	88.63
ipc_2011_TIDYBOT_9	0	23119	71.43	72.95
ipc_2011_TIDYBOT_10	0	3629	22.15	23.71
ipc_2011_TIDYBOT_11	0	20320	96.87	98.43
ipc_2011_TIDYBOT_14	0	6599	50.17	52.59
ipc_2011_TIDYBOT_13	0	58942	265.64	267.17
ipc_2011_TIDYBOT_12	0	139782	771.73	773.25
ipc_2011_SOKOBAN_5	0	590128	1.75	2.35
ipc_2011_SOKOBAN_4	0	52089	1.04	1.46
ipc_2011_SOKOBAN_6	0	393462	1.56	2.91
ipc_2011_SOKOBAN_9	0	9374	1.01	1.38
ipc_2011_SOKOBAN_11	0	388187	1.4	2.08
ipc_2011_SOKOBAN_13	0	1071023	2.25	3.08
ipc_2011_SOKOBAN_16	0	3536057	5.26	6.74
ipc_2011_SOKOBAN_17	0	1930322	3.42	4.42
ipc_2011_SOKOBAN_19	0	1391726	2.64	3.85
ipc_2011_WOODWORKING_7	0	142815	19.73	19.94
ipc_2011_SOKOBAN_20	0	1161041	2.3	4.11
ipc_2011_SOKOBAN_18	0	970166	2.54	2.81
ipc_2011_SCANALYZER_12	0	36513059	37.33	38.48
ipc_2011_SCANALYZER_11	0	44712	1.09	40.51
ipc_2011_SCANALYZER_13	0	447435	1.78	3.29
ipc_2011_SCANALYZER_14	0	95010	1.13	16.23
ipc_2011_PEGSOL_9	0	123363	1.26	1.96
ipc_2011_PEGSOL_13	0	213275	1.53	2.55
ipc_2011_PEGSOL_16	0	2167250	7.27	8.5
ipc_2011_PEGSOL_18	0	19428666	70.65	72.29
ipc_2011_PEGSOL_19	0	14157938	46.87	48.1
ipc_2011_PARKING_1	0	71412	1.13	1.76
ipc_2011_PARKING_2	0	11332324	21.69	22.35
ipc_2011_PARKING_3	0	1979768	5.5	6.66
ipc_2011_PARKING_5	0	2748982	6.73	7.83
ipc_2011_PARKING_7	0	47401336	132.41	134.29
ipc_2011_PARKING_8	0	7716142	21.8	23.6
ipc_2011_PARKING_10	0	42338010	119.15	121.02
ipc_2011_OPENSTACKS_3	0	1331295	2.59	2.79
ipc_2011_OPENSTACKS_6	0	2853994	4.92	5.24
ipc_2011_OPENSTACKS_8	0	12763480	22.39	22.77
ipc_2011_OPENSTACKS_9	0	5925845	11.17	11.51
ipc_2011_OPENSTACKS_10	0	7306086	19.28	19.89
ipc_2011_OPENSTACKS_12	0	24116196	44.5	44.84
ipc_2011_OPENSTACKS_11	0	66472880	113.86	114.23
ipc_2011_OPENSTACKS_14	0	4100906	9.55	9.95
ipc_2011_OPENSTACKS_13	0	41306168	79.33	79.74
ipc_2011_OPENSTACKS_15	0	79483616	164.41	164.84
ipc_2011_OPENSTACKS_16	0	82469708	199.71	200.04
ipc_2011_FLOORTILE_4	0	907206	18.46	18.62
ipc_2011_FLOORTILE_3	0	2670400	50.02	50.18
ipc_2011_FLOORTILE_5	0	1565095	41.89	41.89
ipc_2011_FLOORTILE_6	0	2633660	69.27	69.27
ipc_2011_FLOORTILE_7	0	27240335	767.03	767.03
ipc_2011_ELEVATORS_7	0	270690	1.25	1.54
ipc_2011_ELEVATORS_9	0	389317	1.31	1.62
ipc_2011_PEGSOL_19	0	11132051	78.73	84.56
ipc_2011_ELEVATORS_17	0	6552434	9.5	10.09
ipc_2011_ELEVATORS_20	0	1333785	2.5	2.99
ipc_2011_TRANSPORT_17	0	19459331	32.95	33.6
ipc_2011_TRANSPORT_18	0	47593426	54.91	55.58
